idx:27.582829
sort:265.171152
bph:85.433419
move:20.876703
boundary:5.551515
